10
10
10
10
10
10
10
10
10
10
2
2
2
2
2
2
2
10
10
10
10
6
6
6
10
10
10
10
10
10
10
10
10
10
10
10
10
10
10
2
2
2
2
2
2
2
2
2
2
6
6
-2
6
6
6
6
6
10
10
10
10
10
10
10
10
10
10
10
10
10
2
2
2
2
-2
6
6
4
0
0
2
6
4
-2
6
6
6
2
2
2
6
6
10
10
10
10
10
10
10
10
10
2
2
2
6
6
6
-2
-10
-6
-18
-18
-10
-10
10
16
16
2
8
4
0
-2
6
6
6
6
10
10
10
10
10
10
10
2
2
6
6
-4
-6
4
-14
-10
-6
-2
4
6
8
18
12
2
-10
8
4
4
6
10
6
6
6
10
10
10
10
10
10
2
-2
6
-2
-4
0
-10
0
6
6
16
20
0
2
12
22
-2
-10
6
8
4
8
10
10
6
6
10
10
10
10
10
10
2
-2
4
2
0
6
4
-8
6
8
14
14
2
-10
-2
28
4
10
0
10
4
8
10
10
6
6
10
10
10
10
10
10
2
-4
6
8
4
6
-2
2
8
14
14
8
10
6
4
14
10
2
0
6
6
8
12
10
6
6
10
10
10
10
10
10
4
0
6
4
-2
2
4
4
20
26
24
10
16
6
2
12
18
4
2
8
4
8
12
6
6
6
10
10
10
10
10
10
4
-6
0
-2
8
14
8
22
26
20
18
12
18
-2
-4
6
10
-2
4
8
10
12
8
8
6
10
10
10
10
10
10
6
-4
-10
-12
2
8
14
18
16
14
10
14
12
10
-4
-10
8
-4
-2
-2
12
10
6
8
8
6
10
10
10
10
10
6
2
4
2
2
8
18
16
14
16
10
10
16
10
10
0
-6
8
2
-4
10
12
10
8
8
12
10
10
10
10
10
10
6
2
8
6
4
20
18
14
14
8
10
14
4
16
8
-2
-6
2
6
4
0
12
10
10
8
12
12
10
10
10
10
10
6
6
8
6
6
18
18
12
10
10
16
14
10
8
16
-8
-8
6
-4
-2
0
10
10
14
10
12
12
10
10
10
10
10
6
6
12
14
14
14
12
12
12
16
8
6
14
14
-4
-8
-4
-4
-6
4
16
12
14
14
10
12
12
10
10
10
10
10
6
6
14
16
14
14
12
12
12
-2
0
0
12
-2
2
4
0
2
2
14
20
18
14
14
10
12
12
10
10
10
10
6
6
6
14
16
12
12
12
12
0
-6
-4
0
8
-2
-2
10
-4
-8
0
12
20
18
14
14
10
12
12
10
10
10
10
6
6
10
16
16
12
12
12
-4
-10
-16
-2
-6
0
-14
6
8
4
6
12
14
20
18
14
14
10
12
12
10
10
10
10
6
6
10
16
16
10
4
-4
-18
-18
-4
-2
-2
-2
10
-4
6
16
12
14
14
22
18
14
14
10
12
12
10
10
10
10
6
6
12
16
16
-2
-12
-18
-18
-6
-10
-10
-6
2
-8
6
12
20
12
14
14
22
20
14
14
10
12
12
10
10
10
10
6
6
12
16
2
-14
-22
-14
-8
-2
-12
-18
2
2
6
6
20
20
12
14
14
20
22
14
14
10
12
12
10
10
10
10
6
6
12
8
-10
-20
-12
0
-14
-14
-16
-4
12
18
6
14
20
20
10
14
14
22
22
14
12
10
12
12
10
10
10
10
6
6
12
-8
-10
-14
2
-8
-12
-12
-6
16
18
18
6
10
20
20
12
14
16
22
24
12
12
6
8
8
6
6
10
10
10
10
2
-6
-18
0
-12
-2
-10
2
6
12
18
12
10
6
16
22
14
16
16
22
18
10
6
6
8
8
6
10
10
10
12
12
-6
-8
-2
-14
-2
2
0
-4
-6
10
20
18
18
14
18
18
10
12
14
12
8
2
4
0
12
12
10
10
10
10
12
4
-4
-12
12
-12
0
2
-18
-16
-8
4
22
14
4
-6
-2
-14
-14
-4
-4
-8
-8
-12
-10
0
-2
10
10
10
10
10
2
2
-14
-2
6
-2
-6
-12
-18
-18
-6
6
10
0
-8
-4
-6
-2
-2
-4
-12
-20
-22
-12
-8
-18
-8
4
10
10
10
10
2
0
0
-6
-6
-4
-12
-24
-12
-2
6
12
18
4
-4
0
6
4
8
0
-4
-2
-2
-4
-8
0
8
8
10
10
10
10
2
4
0
-4
-12
-2
-10
-6
-2
12
12
6
10
2
-2
2
-4
-6
-10
-12
-12
-4
-4
-6
-2
2
10
10
8
10
10
10
14
6
6
4
12
4
0
0
0
2
4
2
6
0
0
4
0
8
6
2
2
2
-2
-2
-2
-2
2
6
6
10
10
10
10
10
10
6
6
-2
-6
0
2
2
2
0
8
8
12
12
12
12
12
12
10
10
10
10
10
10
10
10
10
10
10
10
10
10
10
10
10
10
10
10
12
12
10
10
10
10
10
10
10
10
10
10
10
10
10
10
10
10
10
10
10
10
