11
11
11
11
11
11
11
11
11
11
11
11
11
11
11
11
11
11
11
9
9
11
11
11
11
11
11
11
11
11
11
11
11
11
11
11
11
11
11
11
11
11
11
11
11
11
11
7
7
7
7
9
9
9
9
11
11
11
11
11
11
11
11
11
11
11
11
11
11
11
11
11
11
11
11
9
9
9
3
3
7
5
1
-1
7
11
11
11
13
11
11
11
11
11
11
11
11
11
11
11
11
11
11
7
7
7
1
-3
-3
-7
-7
-7
-1
-1
-3
-9
-3
3
1
9
9
13
11
11
11
11
11
11
11
11
11
11
11
7
1
1
-3
-3
-13
-7
-5
-5
-5
1
-7
-7
-1
-7
-11
-9
-3
3
3
9
11
11
11
11
11
11
11
11
11
11
7
1
1
-3
-7
-5
-7
-3
5
5
1
1
3
3
5
-5
-9
-11
-5
-3
3
1
5
11
11
11
11
11
11
11
11
7
1
-3
-1
-3
1
5
3
15
9
-1
1
3
3
13
19
19
5
-3
-7
-1
-1
1
-3
11
11
11
11
11
11
11
7
1
-3
-1
-9
-3
3
11
7
3
3
1
3
11
11
13
19
21
7
3
-1
-1
1
-7
-1
3
11
11
11
11
11
11
1
-3
1
-1
1
7
7
7
3
5
1
3
11
11
11
15
19
19
13
5
7
7
-3
-5
-1
-3
11
11
11
11
11
7
1
-3
5
1
5
7
5
1
7
1
7
7
11
11
13
15
19
17
15
3
7
5
-5
-3
-1
-3
5
11
11
11
11
1
1
1
3
1
7
9
-1
3
7
1
5
11
11
13
15
15
19
19
15
13
5
5
-7
-3
-1
-3
-1
11
11
11
11
1
1
7
3
1
9
7
-5
1
1
5
5
13
13
15
15
17
19
19
15
17
7
3
-1
-3
-1
-3
-1
11
11
11
11
1
1
7
3
1
3
3
-5
3
5
7
13
13
13
15
15
17
19
19
19
17
7
-1
3
-5
-5
-9
-1
5
11
11
11
1
1
7
3
1
3
1
-3
5
7
7
13
15
17
19
21
19
21
27
23
19
3
3
9
1
-5
-3
-1
5
11
11
11
1
1
7
3
1
3
1
-1
5
7
7
15
17
19
23
21
23
23
25
21
17
7
3
9
1
-7
-3
-7
-1
11
11
11
1
1
7
3
-1
1
3
-3
3
5
5
13
13
19
19
21
25
27
23
19
19
7
5
13
-1
-1
3
-7
-1
11
11
11
1
1
3
3
-1
1
5
-1
3
5
7
15
17
15
19
17
21
21
19
17
13
3
5
15
1
-1
3
-7
-1
11
11
11
5
1
3
3
-3
1
5
-1
3
7
9
15
15
17
13
13
15
15
19
15
15
-1
3
15
1
1
3
-7
-1
11
11
11
5
1
3
3
-3
-3
7
-1
5
7
9
13
15
15
13
11
13
15
13
15
15
-1
3
13
1
1
5
-7
-1
11
11
11
5
1
3
5
-3
-3
7
3
7
7
7
15
15
15
11
13
13
15
13
15
9
3
3
13
1
1
5
-7
-1
11
11
11
5
1
-3
5
-3
-1
7
5
7
3
7
9
15
11
11
13
13
13
13
11
9
3
7
7
1
1
5
-7
-1
11
11
11
13
1
-3
5
-5
-1
1
7
5
9
5
9
13
11
13
13
13
13
13
7
9
3
1
7
1
7
-1
-7
-1
11
11
13
13
3
1
3
5
1
-1
11
3
9
5
7
7
11
13
13
11
13
9
5
9
1
3
3
5
1
-1
-7
5
11
11
11
13
7
1
5
11
-1
9
11
9
7
9
5
7
13
13
13
7
9
3
1
-1
3
1
7
-1
5
1
-1
5
11
11
11
13
7
3
9
7
3
1
3
11
7
5
5
3
7
3
5
5
1
-1
1
3
3
-5
1
-1
5
1
-1
5
11
11
11
11
7
7
9
13
9
1
5
3
7
5
5
1
3
-1
-3
-1
3
1
11
9
1
-3
3
7
3
-1
1
11
11
11
11
11
5
5
7
13
5
3
5
9
7
11
9
11
11
9
13
11
9
5
3
3
3
-1
15
9
5
3
11
11
11
11
11
11
5
5
5
3
-3
-5
-3
-1
3
5
5
7
7
3
7
7
5
5
3
1
5
7
11
7
5
7
11
11
11
11
11
11
11
5
5
5
3
-1
-3
7
-1
1
1
-3
-3
-3
-3
-3
-5
-3
5
9
5
5
5
3
9
13
11
11
11
11
11
11
11
11
5
11
11
7
7
7
7
9
7
5
3
3
3
3
3
3
3
3
3
1
7
7
11
11
11
11
11
11
11
11
11
11
11
11
11
11
11
7
9
9
9
7
7
7
7
7
7
7
7
7
7
11
11
11
11
11
11
11
11
11
11
11
11
11
11
11
11
11
11
11
13
13
11
11
11
11
11
11
11
11
11
11
11
11
11
11
11
11
11
11
11
11
